N <- 1e6
J <- 5

